{
 "cells": [
  {
   "attachments": {},
   "cell_type": "markdown",
   "metadata": {},
   "source": [
    "# Credit Card Clustering"
   ]
  },
  {
   "attachments": {},
   "cell_type": "markdown",
   "metadata": {},
   "source": [
    "## Introduction\n",
    "#### In this note, we will perform clustering on a credit card dataset to identify customer segments. The dataset source can be found here. We will use Python and various libraries such as pandas, numpy, scikit-learn, matplotlib, plotly, and yellowbrick for data processing, analysis, and visualization."
   ]
  },
  {
   "cell_type": "code",
   "execution_count": 147,
   "metadata": {},
   "outputs": [],
   "source": [
    "# https://statso.io/customer-segmentation-case-study/ Data source"
   ]
  },
  {
   "attachments": {},
   "cell_type": "markdown",
   "metadata": {},
   "source": [
    "## Import Libraries\n"
   ]
  },
  {
   "cell_type": "code",
   "execution_count": 148,
   "metadata": {},
   "outputs": [],
   "source": [
    "import pandas as pd\n",
    "import numpy as np\n",
    "from sklearn import cluster\n",
    "import matplotlib.pyplot as plt\n",
    "import plotly.express as px\n",
    "from sklearn.preprocessing import MinMaxScaler\n",
    "from yellowbrick.cluster import KElbowVisualizer\n",
    "from scipy.cluster.hierarchy import dendrogram, linkage\n",
    "from sklearn.cluster import KMeans, AgglomerativeClustering\n",
    "import plotly.graph_objects as go"
   ]
  },
  {
   "attachments": {},
   "cell_type": "markdown",
   "metadata": {},
   "source": [
    "## Load Data\n"
   ]
  },
  {
   "cell_type": "code",
   "execution_count": 149,
   "metadata": {},
   "outputs": [
    {
     "name": "stdout",
     "output_type": "stream",
     "text": [
      "  CUST_ID      BALANCE  BALANCE_FREQUENCY  PURCHASES  ONEOFF_PURCHASES  \\\n",
      "0  C10001    40.900749           0.818182      95.40              0.00   \n",
      "1  C10002  3202.467416           0.909091       0.00              0.00   \n",
      "2  C10003  2495.148862           1.000000     773.17            773.17   \n",
      "3  C10004  1666.670542           0.636364    1499.00           1499.00   \n",
      "4  C10005   817.714335           1.000000      16.00             16.00   \n",
      "\n",
      "   INSTALLMENTS_PURCHASES  CASH_ADVANCE  PURCHASES_FREQUENCY  \\\n",
      "0                    95.4      0.000000             0.166667   \n",
      "1                     0.0   6442.945483             0.000000   \n",
      "2                     0.0      0.000000             1.000000   \n",
      "3                     0.0    205.788017             0.083333   \n",
      "4                     0.0      0.000000             0.083333   \n",
      "\n",
      "   ONEOFF_PURCHASES_FREQUENCY  PURCHASES_INSTALLMENTS_FREQUENCY  \\\n",
      "0                    0.000000                          0.083333   \n",
      "1                    0.000000                          0.000000   \n",
      "2                    1.000000                          0.000000   \n",
      "3                    0.083333                          0.000000   \n",
      "4                    0.083333                          0.000000   \n",
      "\n",
      "   CASH_ADVANCE_FREQUENCY  CASH_ADVANCE_TRX  PURCHASES_TRX  CREDIT_LIMIT  \\\n",
      "0                0.000000                 0              2        1000.0   \n",
      "1                0.250000                 4              0        7000.0   \n",
      "2                0.000000                 0             12        7500.0   \n",
      "3                0.083333                 1              1        7500.0   \n",
      "4                0.000000                 0              1        1200.0   \n",
      "\n",
      "      PAYMENTS  MINIMUM_PAYMENTS  PRC_FULL_PAYMENT  TENURE  \n",
      "0   201.802084        139.509787          0.000000      12  \n",
      "1  4103.032597       1072.340217          0.222222      12  \n",
      "2   622.066742        627.284787          0.000000      12  \n",
      "3     0.000000               NaN          0.000000      12  \n",
      "4   678.334763        244.791237          0.000000      12  \n"
     ]
    }
   ],
   "source": [
    "df = pd.read_csv(\"Credit card data/CC GENERAL.csv\")\n",
    "print(df.head())"
   ]
  },
  {
   "attachments": {},
   "cell_type": "markdown",
   "metadata": {},
   "source": [
    "## Data Overview\n"
   ]
  },
  {
   "cell_type": "code",
   "execution_count": 150,
   "metadata": {},
   "outputs": [
    {
     "name": "stdout",
     "output_type": "stream",
     "text": [
      "Overview of the dataset:n\n",
      "Number of rows:  8950\n",
      "nNumber of features: 18\n",
      "nData Features:\n",
      "['CUST_ID', 'BALANCE', 'BALANCE_FREQUENCY', 'PURCHASES', 'ONEOFF_PURCHASES', 'INSTALLMENTS_PURCHASES', 'CASH_ADVANCE', 'PURCHASES_FREQUENCY', 'ONEOFF_PURCHASES_FREQUENCY', 'PURCHASES_INSTALLMENTS_FREQUENCY', 'CASH_ADVANCE_FREQUENCY', 'CASH_ADVANCE_TRX', 'PURCHASES_TRX', 'CREDIT_LIMIT', 'PAYMENTS', 'MINIMUM_PAYMENTS', 'PRC_FULL_PAYMENT', 'TENURE']\n",
      "nMissing values: 314\n",
      "nUnique values:\n",
      "CUST_ID                             8950\n",
      "BALANCE                             8871\n",
      "BALANCE_FREQUENCY                     43\n",
      "PURCHASES                           6203\n",
      "ONEOFF_PURCHASES                    4014\n",
      "INSTALLMENTS_PURCHASES              4452\n",
      "CASH_ADVANCE                        4323\n",
      "PURCHASES_FREQUENCY                   47\n",
      "ONEOFF_PURCHASES_FREQUENCY            47\n",
      "PURCHASES_INSTALLMENTS_FREQUENCY      47\n",
      "CASH_ADVANCE_FREQUENCY                54\n",
      "CASH_ADVANCE_TRX                      65\n",
      "PURCHASES_TRX                        173\n",
      "CREDIT_LIMIT                         205\n",
      "PAYMENTS                            8711\n",
      "MINIMUM_PAYMENTS                    8636\n",
      "PRC_FULL_PAYMENT                      47\n",
      "TENURE                                 7\n",
      "dtype: int64\n"
     ]
    }
   ],
   "source": [
    "pd.set_option('display.max_columns', None)\n",
    "\n",
    "import plotly.express as px #for visualization\n",
    "\n",
    "\n",
    "#Get overview of the data\n",
    "def dataoveriew(df, message):\n",
    "    print(f'{message}:n')\n",
    "    print('Number of rows: ', df.shape[0])\n",
    "    print(\"nNumber of features:\", df.shape[1])\n",
    "    print(\"nData Features:\")\n",
    "    print(df.columns.tolist())\n",
    "    print(\"nMissing values:\", df.isnull().sum().values.sum())\n",
    "    print(\"nUnique values:\")\n",
    "    print(df.nunique())\n",
    "\n",
    "dataoveriew(df, 'Overview of the dataset')"
   ]
  },
  {
   "attachments": {},
   "cell_type": "markdown",
   "metadata": {},
   "source": [
    "## Data Preprocessing\n"
   ]
  },
  {
   "cell_type": "code",
   "execution_count": 151,
   "metadata": {},
   "outputs": [
    {
     "data": {
      "text/plain": [
       "CUST_ID                               0\n",
       "BALANCE                               0\n",
       "BALANCE_FREQUENCY                     0\n",
       "PURCHASES                             0\n",
       "ONEOFF_PURCHASES                      0\n",
       "INSTALLMENTS_PURCHASES                0\n",
       "CASH_ADVANCE                          0\n",
       "PURCHASES_FREQUENCY                   0\n",
       "ONEOFF_PURCHASES_FREQUENCY            0\n",
       "PURCHASES_INSTALLMENTS_FREQUENCY      0\n",
       "CASH_ADVANCE_FREQUENCY                0\n",
       "CASH_ADVANCE_TRX                      0\n",
       "PURCHASES_TRX                         0\n",
       "CREDIT_LIMIT                          1\n",
       "PAYMENTS                              0\n",
       "MINIMUM_PAYMENTS                    313\n",
       "PRC_FULL_PAYMENT                      0\n",
       "TENURE                                0\n",
       "dtype: int64"
      ]
     },
     "execution_count": 151,
     "metadata": {},
     "output_type": "execute_result"
    }
   ],
   "source": [
    "df.isnull().sum()"
   ]
  },
  {
   "cell_type": "code",
   "execution_count": 152,
   "metadata": {},
   "outputs": [],
   "source": [
    "df = df.dropna()"
   ]
  },
  {
   "attachments": {},
   "cell_type": "markdown",
   "metadata": {},
   "source": [
    "## EDA"
   ]
  },
  {
   "cell_type": "code",
   "execution_count": 153,
   "metadata": {},
   "outputs": [
    {
     "name": "stderr",
     "output_type": "stream",
     "text": [
      "C:\\Users\\ankit\\AppData\\Local\\Temp\\ipykernel_20344\\3162853221.py:1: FutureWarning:\n",
      "\n",
      "The default value of numeric_only in DataFrame.corr is deprecated. In a future version, it will default to False. Select only valid columns or specify the value of numeric_only to silence this warning.\n",
      "\n"
     ]
    },
    {
     "data": {
      "application/vnd.plotly.v1+json": {
       "config": {
        "plotlyServerURL": "https://plot.ly"
       },
       "data": [
        {
         "coloraxis": "coloraxis",
         "hovertemplate": "x: %{x}<br>y: %{y}<br>color: %{z}<extra></extra>",
         "name": "0",
         "type": "heatmap",
         "x": [
          "BALANCE",
          "BALANCE_FREQUENCY",
          "PURCHASES",
          "ONEOFF_PURCHASES",
          "INSTALLMENTS_PURCHASES",
          "CASH_ADVANCE",
          "PURCHASES_FREQUENCY",
          "ONEOFF_PURCHASES_FREQUENCY",
          "PURCHASES_INSTALLMENTS_FREQUENCY",
          "CASH_ADVANCE_FREQUENCY",
          "CASH_ADVANCE_TRX",
          "PURCHASES_TRX",
          "CREDIT_LIMIT",
          "PAYMENTS",
          "MINIMUM_PAYMENTS",
          "PRC_FULL_PAYMENT",
          "TENURE"
         ],
         "xaxis": "x",
         "y": [
          "BALANCE",
          "BALANCE_FREQUENCY",
          "PURCHASES",
          "ONEOFF_PURCHASES",
          "INSTALLMENTS_PURCHASES",
          "CASH_ADVANCE",
          "PURCHASES_FREQUENCY",
          "ONEOFF_PURCHASES_FREQUENCY",
          "PURCHASES_INSTALLMENTS_FREQUENCY",
          "CASH_ADVANCE_FREQUENCY",
          "CASH_ADVANCE_TRX",
          "PURCHASES_TRX",
          "CREDIT_LIMIT",
          "PAYMENTS",
          "MINIMUM_PAYMENTS",
          "PRC_FULL_PAYMENT",
          "TENURE"
         ],
         "yaxis": "y",
         "z": [
          [
           1,
           0.31014045208567753,
           0.17608308856118896,
           0.15998462233133567,
           0.12210871802331293,
           0.49558562074342855,
           -0.08845943918260925,
           0.0638316334604315,
           -0.06958198656198121,
           0.4453071597856588,
           0.38238844579153336,
           0.1478872123697768,
           0.5355181769398302,
           0.322830002047343,
           0.3986689195338603,
           -0.33359377818008495,
           0.06698708795722912
          ],
          [
           0.31014045208567753,
           1,
           0.12263474755434146,
           0.09525420784943171,
           0.1147390394948584,
           0.08903584855613274,
           0.22815801713807,
           0.18746741768658562,
           0.1841594387373473,
           0.18113215557297926,
           0.13326522446774072,
           0.18309471276786377,
           0.08768229019187704,
           0.0391690951465222,
           0.13251924600931494,
           -0.1569608028824013,
           0.1047144089743331
          ],
          [
           0.17608308856118896,
           0.12263474755434146,
           1,
           0.9167802242554131,
           0.6792588966530373,
           -0.053760221004654905,
           0.3929996912365171,
           0.49738406666070617,
           0.3160249301550474,
           -0.12486256249891231,
           -0.07027722776542028,
           0.6887316093440824,
           0.35842540016495367,
           0.606782360725713,
           0.09384200002404312,
           0.17644721771695454,
           0.08454518519357836
          ],
          [
           0.15998462233133567,
           0.09525420784943171,
           0.9167802242554131,
           1,
           0.3296496279057562,
           -0.03324435714166838,
           0.2654604833897174,
           0.5245140602737831,
           0.1283798068339944,
           -0.08641310618761995,
           -0.048705214474107694,
           0.5453126692974087,
           0.32061345095092536,
           0.5708503450969701,
           0.048741240635312565,
           0.1298899668647471,
           0.06339985996166048
          ],
          [
           0.12210871802331293,
           0.1147390394948584,
           0.6792588966530373,
           0.3296496279057562,
           1,
           -0.06609906907431506,
           0.4411934401932504,
           0.21182881221555813,
           0.511130300699488,
           -0.13645481134931625,
           -0.07671580247195943,
           0.6260825404555918,
           0.25805749274947665,
           0.3853911836213762,
           0.13215578659113136,
           0.17843958601394086,
           0.08334566756393379
          ],
          [
           0.49558562074342855,
           0.08903584855613274,
           -0.053760221004654905,
           -0.03324435714166838,
           -0.06609906907431506,
           1,
           -0.21856648042585958,
           -0.0901108327888709,
           -0.17887343049317572,
           0.6290302541257747,
           0.656911470117445,
           -0.07844867568470698,
           0.30416069418073327,
           0.45934244173674704,
           0.1400938689891722,
           -0.1585663431385558,
           -0.07308979424179375
          ],
          [
           -0.08845943918260925,
           0.22815801713807,
           0.3929996912365171,
           0.2654604833897174,
           0.4411934401932504,
           -0.21856648042585958,
           1,
           0.5021232684817156,
           0.8623379116139405,
           -0.31677071791088657,
           -0.20874915899593743,
           0.5671682585433255,
           0.12137198824215326,
           0.10071517464689478,
           0.0029787151114887287,
           0.3053933093182167,
           0.05216082018407065
          ],
          [
           0.0638316334604315,
           0.18746741768658562,
           0.49738406666070617,
           0.5245140602737831,
           0.21182881221555813,
           -0.0901108327888709,
           0.5021232684817156,
           1,
           0.14391127425433153,
           -0.11822491034571449,
           -0.07338371590148052,
           0.5443641904797325,
           0.2954323353032445,
           0.24434588309842736,
           -0.030356500940457675,
           0.154073170132516,
           0.08043719998930773
          ],
          [
           -0.06958198656198121,
           0.1841594387373473,
           0.3160249301550474,
           0.1283798068339944,
           0.511130300699488,
           -0.17887343049317572,
           0.8623379116139405,
           0.14391127425433153,
           1,
           -0.2689239612692962,
           -0.17281089956875956,
           0.5291915591650718,
           0.06342087713267916,
           0.0834241219516667,
           0.030036248197487812,
           0.24954658975156385,
           0.06577934944512644
          ],
          [
           0.4453071597856588,
           0.18113215557297926,
           -0.12486256249891231,
           -0.08641310618761995,
           -0.13645481134931625,
           0.6290302541257747,
           -0.31677071791088657,
           -0.11822491034571449,
           -0.2689239612692962,
           1,
           0.7995928545853863,
           -0.1369132573171847,
           0.13284058985172975,
           0.18233951464471024,
           0.09884446164123664,
           -0.26000117241760606,
           -0.14003762024245325
          ],
          [
           0.38238844579153336,
           0.13326522446774072,
           -0.07027722776542028,
           -0.048705214474107694,
           -0.07671580247195943,
           0.656911470117445,
           -0.20874915899593743,
           -0.07338371590148052,
           -0.17281089956875956,
           0.7995928545853863,
           1,
           -0.06987920359449122,
           0.15026108735078542,
           0.2559214276852034,
           0.10972696820728646,
           -0.17657413722606793,
           -0.04535010241418134
          ],
          [
           0.1478872123697768,
           0.18309471276786377,
           0.6887316093440824,
           0.5453126692974087,
           0.6260825404555918,
           -0.07844867568470698,
           0.5671682585433255,
           0.5443641904797325,
           0.5291915591650718,
           -0.1369132573171847,
           -0.06987920359449122,
           1,
           0.2737151038048403,
           0.371477391493647,
           0.09631067568643711,
           0.15678886884270654,
           0.11888947235964957
          ],
          [
           0.5355181769398302,
           0.08768229019187704,
           0.35842540016495367,
           0.32061345095092536,
           0.25805749274947665,
           0.30416069418073327,
           0.12137198824215326,
           0.2954323353032445,
           0.06342087713267916,
           0.13284058985172975,
           0.15026108735078542,
           0.2737151038048403,
           1,
           0.4269513871454473,
           0.1266709462712346,
           0.05257791545376818,
           0.1364638180231496
          ],
          [
           0.322830002047343,
           0.0391690951465222,
           0.606782360725713,
           0.5708503450969701,
           0.3853911836213762,
           0.45934244173674704,
           0.10071517464689478,
           0.24434588309842736,
           0.0834241219516667,
           0.18233951464471024,
           0.2559214276852034,
           0.371477391493647,
           0.4269513871454473,
           1,
           0.12662950481333957,
           0.10466810198262466,
           0.10298580045520457
          ],
          [
           0.3986689195338603,
           0.13251924600931494,
           0.09384200002404312,
           0.048741240635312565,
           0.13215578659113136,
           0.1400938689891722,
           0.0029787151114887287,
           -0.030356500940457675,
           0.030036248197487812,
           0.09884446164123664,
           0.10972696820728646,
           0.09631067568643711,
           0.1266709462712346,
           0.12662950481333957,
           1,
           -0.14040420688698255,
           0.059330304375003785
          ],
          [
           -0.33359377818008495,
           -0.1569608028824013,
           0.17644721771695454,
           0.1298899668647471,
           0.17843958601394086,
           -0.1585663431385558,
           0.3053933093182167,
           0.154073170132516,
           0.24954658975156385,
           -0.26000117241760606,
           -0.17657413722606793,
           0.15678886884270654,
           0.05257791545376818,
           0.10466810198262466,
           -0.14040420688698255,
           1,
           -0.024222596404344477
          ],
          [
           0.06698708795722912,
           0.1047144089743331,
           0.08454518519357836,
           0.06339985996166048,
           0.08334566756393379,
           -0.07308979424179375,
           0.05216082018407065,
           0.08043719998930773,
           0.06577934944512644,
           -0.14003762024245325,
           -0.04535010241418134,
           0.11888947235964957,
           0.1364638180231496,
           0.10298580045520457,
           0.059330304375003785,
           -0.024222596404344477,
           1
          ]
         ]
        }
       ],
       "layout": {
        "coloraxis": {
         "colorscale": [
          [
           0,
           "#0d0887"
          ],
          [
           0.1111111111111111,
           "#46039f"
          ],
          [
           0.2222222222222222,
           "#7201a8"
          ],
          [
           0.3333333333333333,
           "#9c179e"
          ],
          [
           0.4444444444444444,
           "#bd3786"
          ],
          [
           0.5555555555555556,
           "#d8576b"
          ],
          [
           0.6666666666666666,
           "#ed7953"
          ],
          [
           0.7777777777777778,
           "#fb9f3a"
          ],
          [
           0.8888888888888888,
           "#fdca26"
          ],
          [
           1,
           "#f0f921"
          ]
         ]
        },
        "height": 1000,
        "margin": {
         "t": 60
        },
        "template": {
         "data": {
          "bar": [
           {
            "error_x": {
             "color": "#2a3f5f"
            },
            "error_y": {
             "color": "#2a3f5f"
            },
            "marker": {
             "line": {
              "color": "#E5ECF6",
              "width": 0.5
             },
             "pattern": {
              "fillmode": "overlay",
              "size": 10,
              "solidity": 0.2
             }
            },
            "type": "bar"
           }
          ],
          "barpolar": [
           {
            "marker": {
             "line": {
              "color": "#E5ECF6",
              "width": 0.5
             },
             "pattern": {
              "fillmode": "overlay",
              "size": 10,
              "solidity": 0.2
             }
            },
            "type": "barpolar"
           }
          ],
          "carpet": [
           {
            "aaxis": {
             "endlinecolor": "#2a3f5f",
             "gridcolor": "white",
             "linecolor": "white",
             "minorgridcolor": "white",
             "startlinecolor": "#2a3f5f"
            },
            "baxis": {
             "endlinecolor": "#2a3f5f",
             "gridcolor": "white",
             "linecolor": "white",
             "minorgridcolor": "white",
             "startlinecolor": "#2a3f5f"
            },
            "type": "carpet"
           }
          ],
          "choropleth": [
           {
            "colorbar": {
             "outlinewidth": 0,
             "ticks": ""
            },
            "type": "choropleth"
           }
          ],
          "contour": [
           {
            "colorbar": {
             "outlinewidth": 0,
             "ticks": ""
            },
            "colorscale": [
             [
              0,
              "#0d0887"
             ],
             [
              0.1111111111111111,
              "#46039f"
             ],
             [
              0.2222222222222222,
              "#7201a8"
             ],
             [
              0.3333333333333333,
              "#9c179e"
             ],
             [
              0.4444444444444444,
              "#bd3786"
             ],
             [
              0.5555555555555556,
              "#d8576b"
             ],
             [
              0.6666666666666666,
              "#ed7953"
             ],
             [
              0.7777777777777778,
              "#fb9f3a"
             ],
             [
              0.8888888888888888,
              "#fdca26"
             ],
             [
              1,
              "#f0f921"
             ]
            ],
            "type": "contour"
           }
          ],
          "contourcarpet": [
           {
            "colorbar": {
             "outlinewidth": 0,
             "ticks": ""
            },
            "type": "contourcarpet"
           }
          ],
          "heatmap": [
           {
            "colorbar": {
             "outlinewidth": 0,
             "ticks": ""
            },
            "colorscale": [
             [
              0,
              "#0d0887"
             ],
             [
              0.1111111111111111,
              "#46039f"
             ],
             [
              0.2222222222222222,
              "#7201a8"
             ],
             [
              0.3333333333333333,
              "#9c179e"
             ],
             [
              0.4444444444444444,
              "#bd3786"
             ],
             [
              0.5555555555555556,
              "#d8576b"
             ],
             [
              0.6666666666666666,
              "#ed7953"
             ],
             [
              0.7777777777777778,
              "#fb9f3a"
             ],
             [
              0.8888888888888888,
              "#fdca26"
             ],
             [
              1,
              "#f0f921"
             ]
            ],
            "type": "heatmap"
           }
          ],
          "heatmapgl": [
           {
            "colorbar": {
             "outlinewidth": 0,
             "ticks": ""
            },
            "colorscale": [
             [
              0,
              "#0d0887"
             ],
             [
              0.1111111111111111,
              "#46039f"
             ],
             [
              0.2222222222222222,
              "#7201a8"
             ],
             [
              0.3333333333333333,
              "#9c179e"
             ],
             [
              0.4444444444444444,
              "#bd3786"
             ],
             [
              0.5555555555555556,
              "#d8576b"
             ],
             [
              0.6666666666666666,
              "#ed7953"
             ],
             [
              0.7777777777777778,
              "#fb9f3a"
             ],
             [
              0.8888888888888888,
              "#fdca26"
             ],
             [
              1,
              "#f0f921"
             ]
            ],
            "type": "heatmapgl"
           }
          ],
          "histogram": [
           {
            "marker": {
             "pattern": {
              "fillmode": "overlay",
              "size": 10,
              "solidity": 0.2
             }
            },
            "type": "histogram"
           }
          ],
          "histogram2d": [
           {
            "colorbar": {
             "outlinewidth": 0,
             "ticks": ""
            },
            "colorscale": [
             [
              0,
              "#0d0887"
             ],
             [
              0.1111111111111111,
              "#46039f"
             ],
             [
              0.2222222222222222,
              "#7201a8"
             ],
             [
              0.3333333333333333,
              "#9c179e"
             ],
             [
              0.4444444444444444,
              "#bd3786"
             ],
             [
              0.5555555555555556,
              "#d8576b"
             ],
             [
              0.6666666666666666,
              "#ed7953"
             ],
             [
              0.7777777777777778,
              "#fb9f3a"
             ],
             [
              0.8888888888888888,
              "#fdca26"
             ],
             [
              1,
              "#f0f921"
             ]
            ],
            "type": "histogram2d"
           }
          ],
          "histogram2dcontour": [
           {
            "colorbar": {
             "outlinewidth": 0,
             "ticks": ""
            },
            "colorscale": [
             [
              0,
              "#0d0887"
             ],
             [
              0.1111111111111111,
              "#46039f"
             ],
             [
              0.2222222222222222,
              "#7201a8"
             ],
             [
              0.3333333333333333,
              "#9c179e"
             ],
             [
              0.4444444444444444,
              "#bd3786"
             ],
             [
              0.5555555555555556,
              "#d8576b"
             ],
             [
              0.6666666666666666,
              "#ed7953"
             ],
             [
              0.7777777777777778,
              "#fb9f3a"
             ],
             [
              0.8888888888888888,
              "#fdca26"
             ],
             [
              1,
              "#f0f921"
             ]
            ],
            "type": "histogram2dcontour"
           }
          ],
          "mesh3d": [
           {
            "colorbar": {
             "outlinewidth": 0,
             "ticks": ""
            },
            "type": "mesh3d"
           }
          ],
          "parcoords": [
           {
            "line": {
             "colorbar": {
              "outlinewidth": 0,
              "ticks": ""
             }
            },
            "type": "parcoords"
           }
          ],
          "pie": [
           {
            "automargin": true,
            "type": "pie"
           }
          ],
          "scatter": [
           {
            "fillpattern": {
             "fillmode": "overlay",
             "size": 10,
             "solidity": 0.2
            },
            "type": "scatter"
           }
          ],
          "scatter3d": [
           {
            "line": {
             "colorbar": {
              "outlinewidth": 0,
              "ticks": ""
             }
            },
            "marker": {
             "colorbar": {
              "outlinewidth": 0,
              "ticks": ""
             }
            },
            "type": "scatter3d"
           }
          ],
          "scattercarpet": [
           {
            "marker": {
             "colorbar": {
              "outlinewidth": 0,
              "ticks": ""
             }
            },
            "type": "scattercarpet"
           }
          ],
          "scattergeo": [
           {
            "marker": {
             "colorbar": {
              "outlinewidth": 0,
              "ticks": ""
             }
            },
            "type": "scattergeo"
           }
          ],
          "scattergl": [
           {
            "marker": {
             "colorbar": {
              "outlinewidth": 0,
              "ticks": ""
             }
            },
            "type": "scattergl"
           }
          ],
          "scattermapbox": [
           {
            "marker": {
             "colorbar": {
              "outlinewidth": 0,
              "ticks": ""
             }
            },
            "type": "scattermapbox"
           }
          ],
          "scatterpolar": [
           {
            "marker": {
             "colorbar": {
              "outlinewidth": 0,
              "ticks": ""
             }
            },
            "type": "scatterpolar"
           }
          ],
          "scatterpolargl": [
           {
            "marker": {
             "colorbar": {
              "outlinewidth": 0,
              "ticks": ""
             }
            },
            "type": "scatterpolargl"
           }
          ],
          "scatterternary": [
           {
            "marker": {
             "colorbar": {
              "outlinewidth": 0,
              "ticks": ""
             }
            },
            "type": "scatterternary"
           }
          ],
          "surface": [
           {
            "colorbar": {
             "outlinewidth": 0,
             "ticks": ""
            },
            "colorscale": [
             [
              0,
              "#0d0887"
             ],
             [
              0.1111111111111111,
              "#46039f"
             ],
             [
              0.2222222222222222,
              "#7201a8"
             ],
             [
              0.3333333333333333,
              "#9c179e"
             ],
             [
              0.4444444444444444,
              "#bd3786"
             ],
             [
              0.5555555555555556,
              "#d8576b"
             ],
             [
              0.6666666666666666,
              "#ed7953"
             ],
             [
              0.7777777777777778,
              "#fb9f3a"
             ],
             [
              0.8888888888888888,
              "#fdca26"
             ],
             [
              1,
              "#f0f921"
             ]
            ],
            "type": "surface"
           }
          ],
          "table": [
           {
            "cells": {
             "fill": {
              "color": "#EBF0F8"
             },
             "line": {
              "color": "white"
             }
            },
            "header": {
             "fill": {
              "color": "#C8D4E3"
             },
             "line": {
              "color": "white"
             }
            },
            "type": "table"
           }
          ]
         },
         "layout": {
          "annotationdefaults": {
           "arrowcolor": "#2a3f5f",
           "arrowhead": 0,
           "arrowwidth": 1
          },
          "autotypenumbers": "strict",
          "coloraxis": {
           "colorbar": {
            "outlinewidth": 0,
            "ticks": ""
           }
          },
          "colorscale": {
           "diverging": [
            [
             0,
             "#8e0152"
            ],
            [
             0.1,
             "#c51b7d"
            ],
            [
             0.2,
             "#de77ae"
            ],
            [
             0.3,
             "#f1b6da"
            ],
            [
             0.4,
             "#fde0ef"
            ],
            [
             0.5,
             "#f7f7f7"
            ],
            [
             0.6,
             "#e6f5d0"
            ],
            [
             0.7,
             "#b8e186"
            ],
            [
             0.8,
             "#7fbc41"
            ],
            [
             0.9,
             "#4d9221"
            ],
            [
             1,
             "#276419"
            ]
           ],
           "sequential": [
            [
             0,
             "#0d0887"
            ],
            [
             0.1111111111111111,
             "#46039f"
            ],
            [
             0.2222222222222222,
             "#7201a8"
            ],
            [
             0.3333333333333333,
             "#9c179e"
            ],
            [
             0.4444444444444444,
             "#bd3786"
            ],
            [
             0.5555555555555556,
             "#d8576b"
            ],
            [
             0.6666666666666666,
             "#ed7953"
            ],
            [
             0.7777777777777778,
             "#fb9f3a"
            ],
            [
             0.8888888888888888,
             "#fdca26"
            ],
            [
             1,
             "#f0f921"
            ]
           ],
           "sequentialminus": [
            [
             0,
             "#0d0887"
            ],
            [
             0.1111111111111111,
             "#46039f"
            ],
            [
             0.2222222222222222,
             "#7201a8"
            ],
            [
             0.3333333333333333,
             "#9c179e"
            ],
            [
             0.4444444444444444,
             "#bd3786"
            ],
            [
             0.5555555555555556,
             "#d8576b"
            ],
            [
             0.6666666666666666,
             "#ed7953"
            ],
            [
             0.7777777777777778,
             "#fb9f3a"
            ],
            [
             0.8888888888888888,
             "#fdca26"
            ],
            [
             1,
             "#f0f921"
            ]
           ]
          },
          "colorway": [
           "#636efa",
           "#EF553B",
           "#00cc96",
           "#ab63fa",
           "#FFA15A",
           "#19d3f3",
           "#FF6692",
           "#B6E880",
           "#FF97FF",
           "#FECB52"
          ],
          "font": {
           "color": "#2a3f5f"
          },
          "geo": {
           "bgcolor": "white",
           "lakecolor": "white",
           "landcolor": "#E5ECF6",
           "showlakes": true,
           "showland": true,
           "subunitcolor": "white"
          },
          "hoverlabel": {
           "align": "left"
          },
          "hovermode": "closest",
          "mapbox": {
           "style": "light"
          },
          "paper_bgcolor": "white",
          "plot_bgcolor": "#E5ECF6",
          "polar": {
           "angularaxis": {
            "gridcolor": "white",
            "linecolor": "white",
            "ticks": ""
           },
           "bgcolor": "#E5ECF6",
           "radialaxis": {
            "gridcolor": "white",
            "linecolor": "white",
            "ticks": ""
           }
          },
          "scene": {
           "xaxis": {
            "backgroundcolor": "#E5ECF6",
            "gridcolor": "white",
            "gridwidth": 2,
            "linecolor": "white",
            "showbackground": true,
            "ticks": "",
            "zerolinecolor": "white"
           },
           "yaxis": {
            "backgroundcolor": "#E5ECF6",
            "gridcolor": "white",
            "gridwidth": 2,
            "linecolor": "white",
            "showbackground": true,
            "ticks": "",
            "zerolinecolor": "white"
           },
           "zaxis": {
            "backgroundcolor": "#E5ECF6",
            "gridcolor": "white",
            "gridwidth": 2,
            "linecolor": "white",
            "showbackground": true,
            "ticks": "",
            "zerolinecolor": "white"
           }
          },
          "shapedefaults": {
           "line": {
            "color": "#2a3f5f"
           }
          },
          "ternary": {
           "aaxis": {
            "gridcolor": "white",
            "linecolor": "white",
            "ticks": ""
           },
           "baxis": {
            "gridcolor": "white",
            "linecolor": "white",
            "ticks": ""
           },
           "bgcolor": "#E5ECF6",
           "caxis": {
            "gridcolor": "white",
            "linecolor": "white",
            "ticks": ""
           }
          },
          "title": {
           "x": 0.05
          },
          "xaxis": {
           "automargin": true,
           "gridcolor": "white",
           "linecolor": "white",
           "ticks": "",
           "title": {
            "standoff": 15
           },
           "zerolinecolor": "white",
           "zerolinewidth": 2
          },
          "yaxis": {
           "automargin": true,
           "gridcolor": "white",
           "linecolor": "white",
           "ticks": "",
           "title": {
            "standoff": 15
           },
           "zerolinecolor": "white",
           "zerolinewidth": 2
          }
         }
        },
        "width": 1000,
        "xaxis": {
         "anchor": "y",
         "constrain": "domain",
         "domain": [
          0,
          1
         ],
         "scaleanchor": "y"
        },
        "yaxis": {
         "anchor": "x",
         "autorange": "reversed",
         "constrain": "domain",
         "domain": [
          0,
          1
         ]
        }
       }
      }
     },
     "metadata": {},
     "output_type": "display_data"
    }
   ],
   "source": [
    "corr = df.corr()\n",
    "fig = px.imshow(corr,width=1000, height=1000)\n",
    "fig.show()"
   ]
  },
  {
   "attachments": {},
   "cell_type": "markdown",
   "metadata": {},
   "source": [
    "## Feature Selection"
   ]
  },
  {
   "cell_type": "code",
   "execution_count": 154,
   "metadata": {},
   "outputs": [
    {
     "name": "stdout",
     "output_type": "stream",
     "text": [
      "       BALANCE  PURCHASES  CREDIT_LIMIT\n",
      "0    40.900749      95.40        1000.0\n",
      "1  3202.467416       0.00        7000.0\n",
      "2  2495.148862     773.17        7500.0\n",
      "4   817.714335      16.00        1200.0\n",
      "5  1809.828751    1333.28        1800.0\n"
     ]
    }
   ],
   "source": [
    "clustering_data = df[[\"BALANCE\", \"PURCHASES\", \"CREDIT_LIMIT\"]]\n",
